Analysis of graph: graph2.txt


0 4 0 0 0 0 0 8
4 0 8 0 0 0 0 11
0 8 0 7 0 4 0 0
0 0 7 0 9 14 0 0
0 0 0 9 0 10 0 0
0 0 4 14 10 0 2 0
0 0 0 0 0 2 0 1
8 11 0 0 0 0 1 0


Number of vertices = 8
Number of edges = 11
Symmetric = True


DFS: 
0 1 2 3 4 5 6 7 

Time:  0.0
Bfs: 
0 1 7 2 6 3 5 4 

Time:  0.0
Prims MST
Edge 	Weight
0 , 1 	 4
1 , 2 	 8
2 , 3 	 7
3 , 4 	 9
2 , 5 	 4
5 , 6 	 2
6 , 7 	 1
Time:  0.0
Kruskal mst: 
Edges in the constructed MST
6 -- 7 == 1
5 -- 6 == 2
0 -- 1 == 4
2 -- 5 == 4
2 -- 3 == 7
0 -- 7 == 8
3 -- 4 == 9
KruskalMST  35
Time:  0.0

 Dijkstra 2d dist array
0	4	12	19	21	11	9	8	
4	0	8	15	22	12	12	11	
12	8	0	7	14	4	6	7	
19	15	7	0	9	11	13	14	
21	22	14	9	0	10	12	13	
11	12	4	11	10	0	2	3	
9	12	6	13	12	2	0	1	
8	11	7	14	13	3	1	0	

Dijkstra pred array for each vertex
0	0	1	2	5	6	7	0	
1	0	1	2	5	2	7	1	
1	2	0	2	5	2	5	6	
1	2	3	0	3	2	5	6	
7	2	5	4	0	4	5	6	
7	2	5	2	5	0	5	6	
7	7	5	2	5	6	0	6	
7	7	5	2	5	6	7	0	
Time:  1008.2721710205078

Floyd 2d dist array
0	4	12	19	21	11	9	8	
4	0	8	15	22	12	12	11	
12	8	0	7	14	4	6	7	
19	15	7	0	9	11	13	14	
21	22	14	9	0	10	12	13	
11	12	4	11	10	0	2	3	
9	12	6	13	12	2	0	1	
8	11	7	14	13	3	1	0	

Floyd pred array 
-1	0	1	2	5	6	7	0	
1	-1	1	2	5	2	7	1	
1	2	-1	2	5	2	5	6	
1	2	3	-1	3	2	5	6	
7	2	5	4	-1	4	5	6	
7	2	5	2	5	-1	5	6	
7	7	5	2	5	6	-1	6	
7	7	5	2	5	6	7	-1	
Time:  1003.5037994384766
